residue,C,H,B,E,G,I,T,S
1,0.0003060593257597102,0.000610821335148002,0.0007564527760621347,0.0005728822821674844,0.0005206677880215679,0.0004245871911411618,0.0008952707675846977,0.9959132585341152
2,0.0006981661201026565,0.007331332489271267,0.0012172260495653304,0.0030071715346153133,0.004665424301376423,0.0007908720578055844,0.0070443051909736785,0.9752455022562897
3,0.003119592231205143,0.012975373552920073,0.003280132523443303,0.005898680256312282,0.0041447559329421,0.39477126569815435,0.15756739880225093,0.4182428010027717
4,0.0030729124838268745,0.013168908496460156,0.0031919251602872747,0.011909208744396564,0.005096994546238246,0.4134479980737776,0.15851768107854336,0.39159437141646986
5,0.0036851960690424297,0.011395092555614198,0.0029584764368055347,0.21664237191942018,0.20634460282703446,0.10739481876326239,0.02273479426743381,0.4288446471613871
6,0.003255843117000058,0.007370622524164613,0.003148048144512276,0.22747140798894544,0.14980843076537592,0.07564460000050018,0.01650461575832259,0.516796431701179
7,0.00511469491971495,0.24123825680944738,0.003088870356628548,0.00666622293018011,0.011541870599445305,0.10879993037593058,0.39980851732962824,0.2237416366790249
8,0.004009224581233121,0.24679716204750946,0.0025356385101267423,0.0018282997048886841,0.0026544544599362576,0.10125114022370765,0.43843517387033587,0.2024889066022622
9,0.004401168501119643,0.2443288581848794,0.003096793614291148,0.0032521807230553234,0.009477727450492161,0.15920734810756332,0.3126195323702544,0.2636163910483447
10,0.0032091091572984238,0.003629252548487791,0.0028518374941930128,0.22972666717867798,0.1475479923475394,0.0837061600404448,0.010169771512787792,0.5191592097205707
11,0.0027416735929220604,0.0031959396029315116,0.0025334155527779907,0.21880340863841402,0.2047214165503118,0.0667931325820568,0.006920514345799662,0.49429049913478623
12,0.0016556865659408788,0.0030050642414609346,0.0017401158195411257,0.008412873203641638,0.004485542652792232,0.08553305758418328,0.010705197748111761,0.8844624621843281
13,0.0016368156500497606,0.005192881686116877,0.001572620312093146,0.004756767870633535,0.019161543064466272,0.07062939768693162,0.008442906776193132,0.8886070669535157
14,0.001971134833941178,0.004191758468012104,0.001659109613456541,0.004135461617868292,0.016428737147916758,0.08459962764349062,0.007299122955518638,0.879715047719796
15,0.00270700537462886,0.0032740229077108515,0.0015739598799238955,0.003081068802744894,0.005434068605037415,0.07379911365804295,0.011688076165735273,0.8984426846061757
16,0.005147028939815397,0.004980073927831919,0.0021657113691756014,0.006675364325150833,0.003544916283146053,0.2036757678698416,0.02337229145614802,0.7504388458288906
17,0.007002903187050829,0.007311958101542428,0.0020835780819304026,0.006697492508988265,0.007861710626189945,0.32284675063987894,0.014928501658835653,0.6312671051955835
18,0.0066377799645477124,0.012027591682175931,0.0023349064809672733,0.002106763576731908,0.0029100024718876063,0.20050693163231684,0.22559876966487397,0.5478772545264987
19,0.00351352345140212,0.01240565152822579,0.0022287839205078325,0.0019311853937610476,0.00232823183683395,0.2004204936879128,0.2238629330784659,0.5533091971028906
20,0.00230158401410682,0.009189518107218492,0.002123583772372002,0.0051288848294237886,0.00903720928823344,0.1564384321711882,0.0167226087960996,0.7990581790213577
21,0.001688729080380486,0.004929588029190618,0.0016033325953312958,0.004954930991306066,0.011565385449375458,0.0690790693286197,0.007225429151066364,0.8989535353747301
22,0.0014170271599987588,0.0048226636943615245,0.0015767146570082435,0.0023182537945778824,0.0062424223752448535,0.0672558399756384,0.007058506821150464,0.9093085715220198
23,0.001330778537527374,0.006505547558531025,0.0015403133110063819,0.0016094856470417157,0.013821310602559717,0.057416059001904836,0.006583244847970811,0.9111932604934582
24,0.001333674256179639,0.0065559192943299635,0.0015697232018263394,0.0041895321382595455,0.013803741483426946,0.0534213195971506,0.006663071426725661,0.9124630186021013
25,0.0014820868836853197,0.0057059419359016235,0.0016478918558111384,0.0029334234703470782,0.004605845256400571,0.06424662965758154,0.007732062965844123,0.9116461179744285
26,0.0015645357053149227,0.004389932733595619,0.0016136916775081151,0.001555212624540042,0.0027015384430010394,0.06677464560769801,0.008918939433476054,0.9124815037748661
27,0.0016685948572775864,0.003770556191994558,0.0014661698272342987,0.0012159233259356303,0.003197983822706373,0.05231604617752443,0.00863565130762729,0.9277290744896999
28,0.003370993474721091,0.0033004191643797166,0.0015529950278912353,0.0011969205160504079,0.0013378662142271456,0.1436083465352408,0.012299562785675112,0.8333328962818145
29,0.0033642095359844196,0.003304527548199617,0.0015292165442927482,0.00124550731379303,0.0014691527759006394,0.12522071080077413,0.007222722096279974,0.8566439533847755
30,0.0037744416770208473,0.0034488964108744815,0.0015282105481452862,0.0012049274516363166,0.0013794327677519758,0.1548013569612116,0.008177969750091331,0.8256847644332681
31,0.003343141564729956,0.003403524842579582,0.0015131625597476293,0.0011587667889590774,0.0014348052034352944,0.11185294310591533,0.005535466159149068,0.8717581897754841
32,0.002700998104304908,0.004054674570259194,0.0015260322732216654,0.0012952218558783667,0.0014083551497264405,0.09513917279036677,0.0262475840883494,0.8676279611678933
33,0.0027866318368399774,0.004961610185905715,0.0015077134562703222,0.0012582728986919637,0.0014175056754149303,0.09585276893946756,0.027412743771964263,0.8648027532354453
34,0.0021665744132617444,0.003956150512986883,0.0012914864405725358,0.0009802823659403861,0.0018941215024346296,0.04620559357929991,0.005533030594157893,0.937972760591346
35,0.0015336583141059563,0.006804946147681474,0.000952528879594668,0.0005246547231516595,0.0009820959301412332,0.0009626470868761283,0.00426125802709872,0.9839782108913502
36,0.0008685409496702315,0.0014722536253334781,0.0008014331277947783,0.000467353314139589,0.0011601245941193603,0.0006121641773767063,0.001107121805466009,0.9935110084060998
